CONC STAIN SPEED ORDER
1 1    3600  12
1 1    3920  22
1 1    3340  31
1 1    3173  32
1 1    2452  41
1 2     495   4
1 2     236   7
1 2     515  13
1 2     573  16
1 2     555  21
1 3     733   1
1 3     525   6
1 3     793   8
1 3    1026  17
1 3     510  24
2 1    2029   3
2 1    2271   5
2 1    2156  10
2 1    2493  18
2 1    2805  28
2 2     428  14
2 2     432  26
2 2     335  30
2 2     288  42
2 2     376  44
2 3     880  23
2 3     759  37
2 3    1138  40
2 3     780  43
2 3    1625  45
3 1    3660  11
3 1    4105  20
3 1    4545  35
3 1    3569  36
3 1    3342  39
3 2     410  15
3 2     225  19
3 2     437  25
3 2     350  29
3 2     140  33
3 3     539   2
3 3    1354   9
3 3     347  27
3 3     584  34
3 3     781  38