BLOCK  A B Y
1    1  1   92
1    1  1   84
1    1  1   84  
1    1  1   81
1    1  1   72
1    1  1   85
1    1  1   31   
1    1  2   89
1    1  2   79
1    1  2   47
1    1  2   78
1    1  2   87
1    1  2   47
1    1  2   30
1    1  2   88
1    1  2   60
1    1  2   81
1    1  2   50   
1    2  1   86
1    2  1   88
1    2  1   81
1    2  1   68
1    2  1   70
1    2  1   54
1    2  1   77
1    2  1   59
1    2  1   66
1    2  1   47
1    2  1   48
1    2  1   35   
1    2  2   83
1    2  2   62
1    2  2   56
1    2  2   70
1    2  2   85
1    2  2   54
1    2  2   61
1    2  2   56
1    2  2   84   
2    1  1   93
2    1  1   93
2    1  1   70
2    1  1   59
2    1  1   85
2    1  1   84
2    1  1   71
2    1  1   50
2    1  1   71
2    1  1   72
2    1  1   60
2    1  1   59
2    1  1   71
2    1  1   74
2    1  1   67  
2    1  2   94
2    1  2   58
2    1  2   30
2    1  2   94
2    1  2   72
2    1  2   66
2    1  2   72
2    1  2   61
2    1  2   38   
2    2  1   96
2    2  1   60 
2    2  1  100
2    2  1   94
2    2  1   88
2    2  1   96
2    2  1   94
2    2  1   62
2    2  1   94
2    2  1   57
2    2  1   38   
2    2  2   68
2    2  2   70
2    2  2   70
2    2  2   94
2    2  2   93
2    2  2   59
2    2  2   63
2    2  2   74
2    2  2   64
2    2  2   78
2    2  2   24
2    2  2   53
2    2  2   48
2    2  2   59   
3    1  1   60
3    1  1   91
3    1  1   64
3    1  1   89
3    1  1   96
3    1  1   83
3    1  1   60
3    1  1   67
3    1  1   83
3    1  1   87
3    1  1   80   
3    1  2   62
3    1  2   89
3    1  2   85
3    1  2   60
3    1  2   57
3    1  2   90
3    1  2   65
3    1  2   10
3    1  2   87
3    1  2   66   
3    2  1   41
3    2  1   56
3    2  1   62
3    2  1   57
3    2  1   54
3    2  1   74
3    2  1   90
3    2  1   78
3    2  1   88
3    2  1   71
3    2  1   63
3    2  1   86   
3    2  2   48
3    2  2   91
3    2  2   97
3    2  2   60
3    2  2   25
3    2  2   85
3    2  2   84
3    2  2   92
3    2  2   88   