ORDER BLOCK TRTMT CUSHN BRAND FORCE
 1 1 4  2 2  884.01
 2 1 2  1 2  924.92
 3 1 1  1 1  899.89
 4 1 3  2 1  888.09
 5 1 1  1 1  910.81
 6 1 2  1 2  900.10
 7 1 3  2 1  954.11
 8 1 4  2 2  918.36
 9 1 3  2 1  937.41
10 1 1  1 1  927.79
11 1 1  1 1  888.77
12 1 2  1 2  923.55
13 1 4  2 2  880.23
14 1 3  2 1  911.85
15 1 4  2 2  891.16
16 1 1  1 1  911.93
17 1 2  1 2  891.56
18 1 3  2 1  908.41
19 1 4  2 2  917.16
20 1 2  1 2  885.73
21 2 2  1 2  882.95
22 2 1  1 1  852.94
23 2 4  2 2  872.50
24 2 2  1 2  865.58
25 2 2  1 2  868.15
26 2 3  2 1  920.93
27 2 1  1 1  866.28
28 2 1  1 1  886.65
29 2 4  2 2  892.76
30 2 4  2 2  895.93
31 2 3  2 1  880.26
32 2 4  2 2  899.44
33 2 1  1 1  851.14
34 2 1  1 1  869.80
35 2 3  2 1  897.10
36 2 4  2 2  912.00
37 2 2  1 2  893.82
38 2 2  1 2  875.98
39 2 3  2 1  893.78
40 2 3  2 1  885.80