ORDER TC CUE ELAPTM REACTM
  1  6   2    15   0.256
  2  6   2    15   0.281
  3  2   1    10   0.167
  4  6   2    15   0.258
  5  2   1    10   0.182
  6  5   2    10   0.283
  7  4   2     5   0.257
  8  5   2    10   0.235
  9  1   1     5   0.204
 10  1   1     5   0.170
 11  5   2    10   0.260
 12  2   1    10   0.187
 13  3   1    15   0.202
 14  4   2     5   0.279
 15  4   2     5   0.269
 16  3   1    15   0.198
 17  3   1    15   0.236
 18  1   1     5   0.181