BLOCK TRTMT Y
  1 1   2
  1 2   8
  1 5   9
  1 6   7
  2 1   6
  2 3   9
  2 4   3
  2 6   8
  3 2   6
  3 3  12
  3 4   4
  3 5   6
  4 1   9
  4 2  11
  4 5  14
  4 6  13
  5 1  10
  5 3  17
  5 4   8
  5 6  10
  6 2   7
  6 3   5
  6 4   6
  6 5   9
  7 1   4
  7 2  10
  7 5  11
  7 6  13
  8 1  11
  8 3   9
  8 4   3
  8 6  15
  9 2   9
  9 3  14
  9 4   5
  9 5   8
 10 1   4
 10 2   7
 10 5  10
 10 6  10
 11 1  12
 11 3   9
 11 4  15
 11 6  15
 12 2   8
 12 3  11
 12 4   7
 12 5   8
 13 1   4
 13 2   4
 13 5   5
 13 6   9
 14 1   7
 14 3   8
 14 4   3
 14 6   9
 15 2  15
 15 3  10
 15 4   6
 15 5   8
 16 1   2
 16 2   4
 16 5   6
 16 6   6
 17 1   4
 17 3  13
 17 4   5
 17 6  12
 18 2  10
 18 3  13
 18 4   4
 18 5  18 